Grid 01
003020600
900305001
001806400
008102900
700000008
006708200
002609500
800203009
005010300
Grid 02
020005000
015000000
000008703
051000000
009700010
000300046
000080001
700930060
000000408
Grid 03
002080700
000004020
004000080
800006000
000001060
050073900
000000130
000090500
900040000
Grid 04
003020600
900305001
001806400
008102900
700000008
006708200
002609500
800203009
005010300
Grid 05
024000000
805060000
300000159
070020300
001907600
002040070
159000006
000090407
000000980
Grid 06
000600700
070800610
080472000
010000500
005000400
006000090
000541020
054007060
008003000
Grid 07
020000000
000053009
000120580
900000036
000080010
000200700
708006000
309000005
040000060
Grid 08
000000020
004300096
500002100
100000700
000000432
000050010
060000000
005970008
090680000
Grid 09
100203700
000080005
000004120
000000070
093010000
006008000
302006000
001030080
680050300
Grid 10
100060000
005003100
060008009
708500040
000400250
000002000
000090302
001000000
003000714
Grid 11
780400120
600075009
000601078
007040260
001050930
904060005
070300012
120007400
049206007
Grid 12
070060045
000001800
400800000
620100000
000500001
000000237
003004000
002050300
090006050
Grid 13
007008000
006020300
030000009
010050060
000010000
070900002
000000004
083004000
260000510
Grid 14
030000400
000080200
104000090
070000020
015607000
000002000
093000810
000100007
000850060
Grid 15
003000400
000530680
810000002
000000054
400800003
009000070
700060000
040005208
020009000
Grid 16
000205090
047000000
000600000
500901000
000080100
000000300
200000006
000030800
700040000
Grid 17
700000108
010090030
040005000
006400000
001800390
000600801
020500000
000000700
000043050
Grid 18
963000000
100008000
000205000
040800000
010000700
000030025
700000030
009020407
000000900
Grid 19
000201300
070000090
500000000
400090080
800000100
000300200
900070050
001600000
000000000
Grid 20 (HARDCORE)
800000000
003600000
070090200
050007000
000045700
000100030
001000068
008500010
090000400




